mass_A
t,x,y
1.297812500E2,2.022803815E-1,4.234488130E-1
1.297854167E2,2.019272465E-1,4.234439660E-1
1.297895833E2,2.018615305E-1,4.229174343E-1
1.297937500E2,2.022360652E-1,4.229225750E-1
1.297979167E2,2.022360652E-1,4.229225750E-1
1.298020833E2,2.021095068E-1,4.230457064E-1
1.298062500E2,2.021095068E-1,4.230457064E-1
1.298104167E2,2.021095068E-1,4.230457064E-1
1.298145833E2,2.021095068E-1,4.230457064E-1
1.298187500E2,2.021095068E-1,4.230457064E-1
1.298229167E2,2.021095068E-1,4.230457064E-1
1.298270833E2,2.021095068E-1,4.230457064E-1
1.298312500E2,2.018598169E-1,4.230422793E-1
1.298354167E2,2.018598169E-1,4.230422793E-1
1.298395833E2,2.018598169E-1,4.230422793E-1
1.298437500E2,2.022343517E-1,4.230474199E-1
1.298479167E2,2.022343517E-1,4.230474199E-1
1.298520833E2,2.022343517E-1,4.230474199E-1
1.298562500E2,2.022343517E-1,4.230474199E-1
1.298604167E2,2.022343517E-1,4.230474199E-1
1.298645833E2,2.022343517E-1,4.230474199E-1
1.298687500E2,2.022343517E-1,4.230474199E-1
1.298729167E2,2.022343517E-1,4.230474199E-1
1.298770833E2,2.022343517E-1,4.230474199E-1
1.298812500E2,2.022343517E-1,4.230474199E-1
1.298854167E2,2.022343517E-1,4.230474199E-1
1.298895833E2,2.022343517E-1,4.230474199E-1
1.298937500E2,2.022343517E-1,4.230474199E-1
1.298979167E2,2.022343517E-1,4.230474199E-1
1.299020833E2,2.022343517E-1,4.230474199E-1
1.299062500E2,2.021095068E-1,4.230457064E-1
1.299104167E2,2.021095068E-1,4.230457064E-1
1.299145833E2,2.021095068E-1,4.230457064E-1
1.299187500E2,2.021095068E-1,4.230457064E-1
1.299229167E2,2.021095068E-1,4.230457064E-1
1.299270833E2,2.021095068E-1,4.230457064E-1
1.299312500E2,2.021095068E-1,4.230457064E-1
1.299354167E2,2.021095068E-1,4.230457064E-1
1.299395833E2,2.021095068E-1,4.230457064E-1
1.299437500E2,2.021095068E-1,4.230457064E-1
1.299479167E2,2.021095068E-1,4.230457064E-1
1.299520833E2,2.021095068E-1,4.230457064E-1
1.299562500E2,2.021095068E-1,4.230457064E-1
1.299604167E2,2.021095068E-1,4.230457064E-1
1.299645833E2,2.021095068E-1,4.230457064E-1
1.299687500E2,2.021095068E-1,4.230457064E-1
1.299729167E2,2.021095068E-1,4.230457064E-1
1.299770833E2,2.021095068E-1,4.230457064E-1
1.299812500E2,2.021095068E-1,4.230457064E-1
1.299854167E2,2.021095068E-1,4.230457064E-1
1.299895833E2,2.021095068E-1,4.230457064E-1
1.299937500E2,2.021095068E-1,4.230457064E-1
1.299979167E2,2.021095068E-1,4.230457064E-1
1.300020833E2,2.021095068E-1,4.230457064E-1
1.300062500E2,2.021095068E-1,4.230457064E-1
1.300104167E2,2.021095068E-1,4.230457064E-1
1.300145833E2,2.021095068E-1,4.230457064E-1
1.300187500E2,2.021095068E-1,4.230457064E-1
1.300229167E2,2.021095068E-1,4.230457064E-1
1.300270833E2,2.021095068E-1,4.230457064E-1
1.300312500E2,2.021095068E-1,4.230457064E-1
1.300354167E2,2.021095068E-1,4.230457064E-1
1.300395833E2,2.021095068E-1,4.230457064E-1
1.300437500E2,2.021095068E-1,4.230457064E-1
1.300479167E2,2.021095068E-1,4.230457064E-1
1.300520833E2,2.021095068E-1,4.230457064E-1
1.300562500E2,2.021095068E-1,4.230457064E-1
1.300604167E2,2.021095068E-1,4.230457064E-1
1.300645833E2,2.021095068E-1,4.230457064E-1
1.300687500E2,2.026088865E-1,4.230525606E-1
1.300729167E2,2.026088865E-1,4.230525606E-1
1.300770833E2,2.026088865E-1,4.230525606E-1
1.300812500E2,2.026088865E-1,4.230525606E-1
1.300854167E2,2.026088865E-1,4.230525606E-1
1.300895833E2,2.026088865E-1,4.230525606E-1
1.300937500E2,2.026088865E-1,4.230525606E-1
1.300979167E2,2.026088865E-1,4.230525606E-1
1.301020833E2,2.026088865E-1,4.230525606E-1
1.301062500E2,2.026088865E-1,4.230525606E-1
1.301104167E2,2.026088865E-1,4.230525606E-1
1.301145833E2,2.026088865E-1,4.230525606E-1
1.301187500E2,2.026088865E-1,4.230525606E-1
1.301229167E2,2.026088865E-1,4.230525606E-1
1.301270833E2,2.026088865E-1,4.230525606E-1
1.301312500E2,2.026088865E-1,4.230525606E-1
1.301354167E2,2.026088865E-1,4.230525606E-1
1.301395833E2,2.026088865E-1,4.230525606E-1
1.301437500E2,2.026088865E-1,4.230525606E-1
1.301479167E2,2.026088865E-1,4.230525606E-1
1.301520833E2,2.029834213E-1,4.230577013E-1
1.301562500E2,2.029834213E-1,4.230577013E-1
1.301604167E2,2.029834213E-1,4.230577013E-1
1.301645833E2,2.029834213E-1,4.230577013E-1
1.301687500E2,2.029834213E-1,4.230577013E-1
1.301729167E2,2.029834213E-1,4.230577013E-1
1.301770833E2,2.029834213E-1,4.230577013E-1
1.301812500E2,2.029834213E-1,4.230577013E-1
1.301854167E2,2.029834213E-1,4.230577013E-1
1.301895833E2,2.029834213E-1,4.230577013E-1
1.301937500E2,2.029834213E-1,4.230577013E-1
1.301979167E2,2.029834213E-1,4.230577013E-1
1.302020833E2,2.029834213E-1,4.230577013E-1
1.302062500E2,2.029834213E-1,4.230577013E-1
1.302104167E2,2.029834213E-1,4.230577013E-1
1.302145833E2,2.029834213E-1,4.230577013E-1
1.302187500E2,2.038590493E-1,4.229448513E-1
1.302229167E2,2.036093595E-1,4.229414241E-1
1.302270833E2,2.036093595E-1,4.229414241E-1
1.302312500E2,2.036093595E-1,4.229414241E-1
1.302354167E2,2.036093595E-1,4.229414241E-1
1.302395833E2,2.033579561E-1,4.230628420E-1
1.302479167E2,2.033579561E-1,4.230628420E-1
1.302520833E2,2.033579561E-1,4.230628420E-1
1.302562500E2,2.032331111E-1,4.230611284E-1
1.302604167E2,2.032331111E-1,4.230611284E-1
1.302645833E2,2.032331111E-1,4.230611284E-1
1.302687500E2,2.032331111E-1,4.230611284E-1
1.302729167E2,2.033579561E-1,4.230628420E-1
1.302770833E2,2.033579561E-1,4.230628420E-1
1.302812500E2,2.033579561E-1,4.230628420E-1
1.302854167E2,2.033579561E-1,4.230628420E-1
1.302895833E2,2.033579561E-1,4.230628420E-1
1.302937500E2,2.034828010E-1,4.230645555E-1
1.302979167E2,2.034828010E-1,4.230645555E-1
1.303020833E2,2.037324908E-1,4.230679826E-1
1.303062500E2,2.037324908E-1,4.230679826E-1
1.303104167E2,2.037324908E-1,4.230679826E-1
1.303145833E2,2.037324908E-1,4.230679826E-1
1.303187500E2,2.037324908E-1,4.230679826E-1
1.303229167E2,2.037324908E-1,4.230679826E-1
1.303270833E2,2.037324908E-1,4.230679826E-1
1.303312500E2,2.037324908E-1,4.230679826E-1
1.303354167E2,2.037324908E-1,4.230679826E-1
1.303395833E2,2.037324908E-1,4.230679826E-1
1.303437500E2,2.037324908E-1,4.230679826E-1
1.303479167E2,2.037324908E-1,4.230679826E-1
1.303520833E2,2.037324908E-1,4.230679826E-1
1.303562500E2,2.037324908E-1,4.230679826E-1
1.303604167E2,2.037324908E-1,4.230679826E-1
1.303645833E2,2.038539087E-1,4.233193861E-1
1.303687500E2,2.038539087E-1,4.233193861E-1
1.303729167E2,2.038539087E-1,4.233193861E-1
1.303770833E2,2.038539087E-1,4.233193861E-1
1.303812500E2,2.038539087E-1,4.233193861E-1
1.303854167E2,2.038539087E-1,4.233193861E-1
1.303895833E2,2.038539087E-1,4.233193861E-1
1.303937500E2,2.041035985E-1,4.233228132E-1
1.303979167E2,2.041035985E-1,4.233228132E-1
1.304020833E2,2.041035985E-1,4.233228132E-1
1.304062500E2,2.041035985E-1,4.233228132E-1
1.304104167E2,2.041035985E-1,4.233228132E-1
1.304145833E2,2.041035985E-1,4.233228132E-1
1.304187500E2,2.041035985E-1,4.233228132E-1
1.304229167E2,2.041035985E-1,4.233228132E-1
1.304270833E2,2.041053121E-1,4.231979682E-1
1.304312500E2,2.041053121E-1,4.231979682E-1
1.304354167E2,2.041053121E-1,4.231979682E-1
1.304395833E2,2.041053121E-1,4.231979682E-1
1.304437500E2,2.041053121E-1,4.231979682E-1
1.304479167E2,2.041053121E-1,4.231979682E-1
1.304520833E2,2.041053121E-1,4.231979682E-1
1.304562500E2,2.041053121E-1,4.231979682E-1
1.304604167E2,2.041053121E-1,4.231979682E-1
1.304645833E2,2.041053121E-1,4.231979682E-1
1.304687500E2,2.041053121E-1,4.231979682E-1
1.304729167E2,2.041053121E-1,4.231979682E-1
1.304770833E2,2.041053121E-1,4.231979682E-1
1.304812500E2,2.041053121E-1,4.231979682E-1
1.304854167E2,2.041053121E-1,4.231979682E-1
1.304895833E2,2.041053121E-1,4.231979682E-1
1.304937500E2,2.037307773E-1,4.231928276E-1
1.304979167E2,2.037307773E-1,4.231928276E-1
1.305020833E2,2.037307773E-1,4.231928276E-1
1.305062500E2,2.037307773E-1,4.231928276E-1
1.305104167E2,2.037307773E-1,4.231928276E-1
1.305145833E2,2.037307773E-1,4.231928276E-1
1.305187500E2,2.037307773E-1,4.231928276E-1
1.305229167E2,2.037307773E-1,4.231928276E-1
1.305270833E2,2.038556222E-1,4.231945411E-1
1.305312500E2,2.038556222E-1,4.231945411E-1
1.305354167E2,2.038556222E-1,4.231945411E-1
1.305395833E2,2.038556222E-1,4.231945411E-1
1.305437500E2,2.038556222E-1,4.231945411E-1
1.305479167E2,2.038556222E-1,4.231945411E-1
1.305520833E2,2.038556222E-1,4.231945411E-1
1.305562500E2,2.038556222E-1,4.231945411E-1
1.305604167E2,2.038556222E-1,4.231945411E-1
1.305645833E2,2.038556222E-1,4.231945411E-1
1.305687500E2,2.038556222E-1,4.231945411E-1
1.305729167E2,2.038556222E-1,4.231945411E-1
1.305770833E2,2.038556222E-1,4.231945411E-1
1.305812500E2,2.038556222E-1,4.231945411E-1
1.305854167E2,2.038556222E-1,4.231945411E-1
1.305895833E2,2.038556222E-1,4.231945411E-1
1.305937500E2,2.040984578E-1,4.236973480E-1
1.305979167E2,2.041001714E-1,4.235725030E-1
1.306020833E2,2.041001714E-1,4.235725030E-1
1.306062500E2,2.039753265E-1,4.235707895E-1
1.306104167E2,2.039753265E-1,4.235707895E-1
1.306145833E2,2.039753265E-1,4.235707895E-1
1.306187500E2,2.041053121E-1,4.231979682E-1
1.306229167E2,2.041053121E-1,4.231979682E-1
1.306270833E2,2.041053121E-1,4.231979682E-1
1.306312500E2,2.041053121E-1,4.231979682E-1
1.306354167E2,2.041053121E-1,4.231979682E-1
1.306395833E2,2.041053121E-1,4.231979682E-1
1.306437500E2,2.041053121E-1,4.231979682E-1
1.306479167E2,2.046046918E-1,4.232048225E-1
1.306520833E2,2.046046918E-1,4.232048225E-1
1.306562500E2,2.046046918E-1,4.232048225E-1
1.306604167E2,2.046046918E-1,4.232048225E-1
1.306645833E2,2.046046918E-1,4.232048225E-1
1.306687500E2,2.046046918E-1,4.232048225E-1
1.306729167E2,2.046046918E-1,4.232048225E-1
1.306770833E2,2.046046918E-1,4.232048225E-1
1.306812500E2,2.046046918E-1,4.232048225E-1
1.306854167E2,2.046046918E-1,4.232048225E-1
1.306895833E2,2.046046918E-1,4.232048225E-1
1.306937500E2,2.046046918E-1,4.232048225E-1
1.306979167E2,2.049792266E-1,4.232099631E-1
1.307020833E2,2.049792266E-1,4.232099631E-1
1.307062500E2,2.049792266E-1,4.232099631E-1
1.307104167E2,2.049792266E-1,4.232099631E-1
1.307145833E2,2.049792266E-1,4.232099631E-1
1.307187500E2,2.049792266E-1,4.232099631E-1
1.307229167E2,2.053537614E-1,4.232151038E-1
1.307270833E2,2.053537614E-1,4.232151038E-1
1.307312500E2,2.053537614E-1,4.232151038E-1
1.307354167E2,2.053537614E-1,4.232151038E-1
1.307395833E2,2.053537614E-1,4.232151038E-1
1.307437500E2,2.053537614E-1,4.232151038E-1
1.307479167E2,2.061028309E-1,4.232253852E-1
1.307520833E2,2.061028309E-1,4.232253852E-1
1.307562500E2,2.061028309E-1,4.232253852E-1
1.307604167E2,2.061028309E-1,4.232253852E-1
1.307645833E2,2.061028309E-1,4.232253852E-1
1.307687500E2,2.063525208E-1,4.232288123E-1
1.307729167E2,2.064653708E-1,4.241044403E-1
1.307770833E2,2.064705115E-1,4.237299056E-1
1.307812500E2,2.064705115E-1,4.237299056E-1
1.307854167E2,2.064705115E-1,4.237299056E-1
1.307895833E2,2.064705115E-1,4.237299056E-1
1.307937500E2,2.064705115E-1,4.237299056E-1
1.307979167E2,2.064705115E-1,4.237299056E-1
1.308020833E2,2.067202014E-1,4.237333327E-1
1.308062500E2,2.068467598E-1,4.236102013E-1
1.308104167E2,2.068467598E-1,4.236102013E-1
1.308145833E2,2.070964497E-1,4.236136284E-1
1.308187500E2,2.070964497E-1,4.236136284E-1
1.308229167E2,2.072212946E-1,4.236153420E-1
1.308270833E2,2.072212946E-1,4.236153420E-1
1.308312500E2,2.072212946E-1,4.236153420E-1
1.308354167E2,2.074709845E-1,4.236187691E-1
1.308395833E2,2.074709845E-1,4.236187691E-1
1.308437500E2,2.074709845E-1,4.236187691E-1
1.308479167E2,2.078455193E-1,4.236239098E-1
1.308562500E2,2.079737913E-1,4.233759335E-1
1.308604167E2,2.082251947E-1,4.232545156E-1
1.308645833E2,2.085997295E-1,4.232596563E-1
1.308687500E2,2.084748846E-1,4.232579428E-1
1.308729167E2,2.084748846E-1,4.232579428E-1
1.308770833E2,2.085997295E-1,4.232596563E-1
1.308812500E2,2.085997295E-1,4.232596563E-1
1.308854167E2,2.085997295E-1,4.232596563E-1
1.308895833E2,2.087245745E-1,4.232613699E-1
1.308937500E2,2.090991092E-1,4.232665106E-1
1.308979167E2,2.090991092E-1,4.232665106E-1
1.309020833E2,2.098464653E-1,4.234016368E-1
1.309062500E2,2.100961551E-1,4.234050639E-1
1.309104167E2,2.108452247E-1,4.234153453E-1
1.309145833E2,2.108452247E-1,4.234153453E-1
1.309187500E2,2.112197595E-1,4.234204860E-1
1.309229167E2,2.110949146E-1,4.234187724E-1
1.309270833E2,2.110949146E-1,4.234187724E-1
1.309312500E2,2.110949146E-1,4.234187724E-1
1.309354167E2,2.112197595E-1,4.234204860E-1
1.309395833E2,2.112197595E-1,4.234204860E-1
1.309437500E2,2.119688291E-1,4.234307673E-1
1.309479167E2,2.119688291E-1,4.234307673E-1
1.309520833E2,2.119688291E-1,4.234307673E-1
1.309562500E2,2.123450774E-1,4.233110631E-1
1.309604167E2,2.123450774E-1,4.233110631E-1
1.309645833E2,2.127196122E-1,4.233162037E-1
1.309687500E2,2.130941470E-1,4.233213444E-1
1.309729167E2,2.135935267E-1,4.233281986E-1
1.309770833E2,2.139680615E-1,4.233333393E-1
1.309812500E2,2.142177513E-1,4.233367664E-1
1.309854167E2,2.143425963E-1,4.233384800E-1
1.309895833E2,2.143425963E-1,4.233384800E-1
1.309937500E2,2.150950930E-1,4.230990715E-1
1.309979167E2,2.153447828E-1,4.231024986E-1
1.310020833E2,2.153447828E-1,4.231024986E-1
1.310062500E2,2.158441625E-1,4.231093528E-1
1.310104167E2,2.160938524E-1,4.231127799E-1
1.310145833E2,2.168429220E-1,4.231230613E-1
1.310187500E2,2.173423017E-1,4.231299155E-1
1.310229167E2,2.179665263E-1,4.231384833E-1
1.310270833E2,2.179665263E-1,4.231384833E-1
1.310312500E2,2.179665263E-1,4.231384833E-1
1.310354167E2,2.188404408E-1,4.231504782E-1
1.310395833E2,2.194646655E-1,4.231590460E-1
1.310437500E2,2.195895104E-1,4.231607596E-1
1.310479167E2,2.202137351E-1,4.231693273E-1
1.310520833E2,2.202137351E-1,4.231693273E-1
1.310562500E2,2.207131148E-1,4.231761816E-1
1.310604167E2,2.210876496E-1,4.231813222E-1
1.310645833E2,2.217118742E-1,4.231898900E-1
1.310687500E2,2.224626574E-1,4.230753265E-1
1.310770833E2,2.244764614E-1,4.233431092E-1
1.310812500E2,2.250344877E-1,4.228001940E-1
1.310854167E2,2.254233637E-1,4.231201455E-1
1.310895833E2,2.255020023E-1,4.231212248E-1
1.310937500E2,2.263681072E-1,4.230544590E-1
1.310979167E2,2.276328022E-1,4.225998966E-1
1.311020833E2,2.285807839E-1,4.222982941E-1
1.311062500E2,2.292088140E-1,4.223855676E-1
1.311104167E2,2.297603641E-1,4.223144844E-1
1.311145833E2,2.304681122E-1,4.223241986E-1
1.311187500E2,2.314150145E-1,4.221012348E-1
1.311229167E2,2.327551101E-1,4.218836678E-1
1.311270833E2,2.333088190E-1,4.216553073E-1
1.311312500E2,2.342557212E-1,4.214323435E-1
1.311354167E2,2.348869894E-1,4.212837009E-1
1.311395833E2,2.356766143E-1,4.210585784E-1
1.311437500E2,2.365459572E-1,4.207558966E-1
1.311479167E2,2.377287755E-1,4.205361709E-1
1.311520833E2,2.386756777E-1,4.203132071E-1
1.311562500E2,2.396193419E-1,4.203261593E-1
1.311604167E2,2.410369969E-1,4.201883104E-1
1.311645833E2,2.415874677E-1,4.201958658E-1
1.311687500E2,2.430072814E-1,4.199007395E-1
1.311729167E2,2.458436707E-1,4.195464028E-1
1.311770833E2,2.465568156E-1,4.191629236E-1
1.311812500E2,2.476588365E-1,4.190993959E-1
1.311854167E2,2.484495408E-1,4.187956347E-1
1.311895833E2,2.497917952E-1,4.184207903E-1
1.311937500E2,2.510543315E-1,4.181235053E-1
1.311979167E2,2.527122199E-1,4.176743396E-1
1.312020833E2,2.540555537E-1,4.172208565E-1
1.312062500E2,2.555583235E-1,4.166122548E-1
1.312104167E2,2.573778067E-1,4.158506932E-1
1.312145833E2,2.598985619E-1,4.155706778E-1
1.312187500E2,2.615596885E-1,4.148855961E-1
1.312229167E2,2.631410969E-1,4.142780737E-1
1.312270833E2,2.655099716E-1,4.136027062E-1
1.312312500E2,2.670903007E-1,4.130738225E-1
1.312354167E2,2.691554142E-1,4.116077508E-1
1.312395833E2,2.708923208E-1,4.116360456E-1
1.312437500E2,2.728873989E-1,4.106725025E-1
1.312479167E2,2.741568411E-1,4.096329380E-1
1.312520833E2,2.772150544E-1,4.082215545E-1
1.312562500E2,2.786093427E-1,4.077121977E-1
1.312604167E2,2.800054441E-1,4.070707422E-1
1.312645833E2,2.823362082E-1,4.057154359E-1
1.312687500E2,2.846036427E-1,4.041610751E-1
1.312729167E2,2.868023082E-1,4.028039557E-1
1.312770833E2,2.897347688E-1,4.009284139E-1
1.312812500E2,2.927314655E-1,3.991858773E-1
1.312854167E2,2.941963359E-1,3.983471804E-1
1.312895833E2,2.965904297E-1,3.971909287E-1
1.312937500E2,2.993935113E-1,3.951154257E-1
1.312979167E2,3.039211278E-1,3.925350988E-1
1.313020833E2,3.060609964E-1,3.906486782E-1
1.313062500E2,3.087383253E-1,3.881090169E-1
1.313104167E2,3.112697911E-1,3.862246864E-1
1.313145833E2,3.138881005E-1,3.843685565E-1
1.313187500E2,3.168010883E-1,3.814653227E-1
1.313229167E2,3.200672779E-1,3.783567070E-1
1.313270833E2,3.219283534E-1,3.755091117E-1
1.313312500E2,3.250534546E-1,3.724686361E-1
1.313354167E2,3.279674040E-1,3.694953389E-1
1.313395833E2,3.306001383E-1,3.665882584E-1
1.313437500E2,3.332434507E-1,3.629104809E-1
1.313479167E2,3.363604122E-1,3.586282242E-1
1.313520833E2,3.393164433E-1,3.550354000E-1
1.313562500E2,3.416156073E-1,3.511693128E-1
1.313608333E2,3.443879954E-1,3.465169796E-1
1.313650000E2,3.474870039E-1,3.421333765E-1
1.313691667E2,3.495988987E-1,3.374719778E-1
1.313733333E2,3.525051985E-1,3.326893591E-1
1.313775000E2,3.552784931E-1,3.279709766E-1
1.313816667E2,3.570601413E-1,3.233050450E-1
1.313858333E2,3.587160367E-1,3.181749550E-1
1.313900000E2,3.616250562E-1,3.131941883E-1
1.313941667E2,3.638862743E-1,3.072796655E-1
1.313983333E2,3.652879446E-1,3.014194067E-1
1.314025000E2,3.670271140E-1,2.950352861E-1
1.314066667E2,3.683464169E-1,2.903630087E-1
1.314108333E2,3.698901580E-1,2.837780204E-1
1.314150000E2,3.714936025E-1,2.776562840E-1
1.314191667E2,3.731225609E-1,2.706063832E-1
1.314233333E2,3.741880737E-1,2.644542696E-1
1.314275000E2,3.746307093E-1,2.577329941E-1
1.314316667E2,3.755637886E-1,2.510184501E-1
1.314358333E2,3.757261708E-1,2.442933280E-1
1.314400000E2,3.761697681E-1,2.375019891E-1
1.314441667E2,3.766928500E-1,2.309559142E-1
1.314483333E2,3.769219505E-1,2.238904495E-1
1.314525000E2,3.770126064E-1,2.172855169E-1
1.314566667E2,3.766581417E-1,2.094193013E-1
1.314608333E2,3.764276166E-1,2.021493427E-1
1.314650000E2,3.761970915E-1,1.948793841E-1
1.314691667E2,3.760995716E-1,1.875451893E-1
1.314733333E2,3.754841087E-1,1.802400187E-1
1.314775000E2,3.746675270E-1,1.733613067E-1
1.314816667E2,3.735764617E-1,1.660583678E-1
1.314858333E2,3.724124480E-1,1.589646573E-1
1.314900000E2,3.706265189E-1,1.512317216E-1
1.314941667E2,3.686986800E-1,1.443713354E-1
1.314983333E2,3.665481916E-1,1.374053332E-1
1.315025000E2,3.639859958E-1,1.315567302E-1
1.315066667E2,3.620716015E-1,1.266418833E-1
1.315108333E2,3.583929131E-1,1.203155235E-1
1.315150000E2,3.535081122E-1,1.152277828E-1
1.315191667E2,3.485427570E-1,1.111959248E-1
1.315233333E2,3.429114692E-1,1.075512971E-1
1.315275000E2,3.367390950E-1,1.048241075E-1
1.315316667E2,3.297695961E-1,1.024162858E-1
1.315358333E2,3.218781263E-1,9.979762435E-2
1.315400000E2,3.163381420E-1,9.912702943E-2
1.315441667E2,3.061285999E-1,9.693898364E-2
1.315483333E2,2.981765201E-1,9.392311964E-2
1.315525000E2,2.892327939E-1,9.095970657E-2
1.315566667E2,2.819773402E-1,9.013344246E-2
1.315608333E2,2.727630708E-1,8.762874843E-2
1.315650000E2,2.636003457E-1,8.618175017E-2
1.315691667E2,2.550953943E-1,8.494196548E-2
1.315733333E2,2.457290819E-1,8.388854349E-2
1.315775000E2,2.363663957E-1,8.257092420E-2
1.315816667E2,2.269349406E-1,8.145054633E-2
1.315858333E2,2.178219468E-1,8.119334248E-2
1.315900000E2,2.087840679E-1,8.027655194E-2
1.315941667E2,1.988097132E-1,8.020571081E-2
1.315983333E2,1.884272773E-1,8.098807154E-2
1.316025000E2,1.786429115E-1,8.151439401E-2
1.316066667E2,1.698295631E-1,8.176278841E-2
1.316108333E2,1.593785807E-1,8.246026242E-2
1.316150000E2,1.506043110E-1,8.353113299E-2
1.316191667E2,1.410458810E-1,8.557231259E-2
1.316233333E2,1.313987920E-1,8.747359691E-2
1.316275000E2,1.226288828E-1,9.034205848E-2
