mass_A
t,x,y
1.768875000E1,2.161907594E-1,3.482328379E-1
1.783458333E1,2.170340978E-1,3.484743897E-1
1.803041667E1,2.213629196E-1,3.483103810E-1
1.803875000E1,2.217619262E-1,3.476525297E-1
1.808875000E1,2.243760386E-1,3.473483594E-1
1.811791667E1,2.259473093E-1,3.471315630E-1
1.812208333E1,2.264757383E-1,3.470021406E-1
1.812625000E1,2.271756382E-1,3.468867343E-1
1.813041667E1,2.272036705E-1,3.465437924E-1
1.813458333E1,2.278895542E-1,3.465998571E-1
1.813875000E1,2.278895542E-1,3.465998571E-1
1.814291667E1,2.287469089E-1,3.466699379E-1
1.814708333E1,2.287469089E-1,3.466699379E-1
1.815125000E1,2.292613217E-1,3.467119864E-1
1.815541667E1,2.294327926E-1,3.467260026E-1
1.815958333E1,2.297757345E-1,3.467540349E-1
1.816375000E1,2.299472054E-1,3.467680511E-1
1.816791667E1,2.308466086E-1,3.463237191E-1
1.817208333E1,2.314030699E-1,3.458513548E-1
1.817625000E1,2.314170860E-1,3.456798839E-1
1.818041667E1,2.315885570E-1,3.456939001E-1
1.818458333E1,2.326454149E-1,3.454350552E-1
1.818875000E1,2.335448180E-1,3.449907232E-1
1.819291667E1,2.337303051E-1,3.448332685E-1
1.819708333E1,2.345876598E-1,3.449033493E-1
1.820125000E1,2.347591307E-1,3.449173655E-1
1.820541667E1,2.356865662E-1,3.441300916E-1
1.820958333E1,2.372718531E-1,3.437418243E-1
1.821375000E1,2.372718531E-1,3.437418243E-1
1.821791667E1,2.384861658E-1,3.436684666E-1
1.822250000E1,2.393715528E-1,3.433956055E-1
1.822666667E1,2.397565431E-1,3.429092251E-1
1.823083333E1,2.401415335E-1,3.424228446E-1
1.823500000E1,2.401415335E-1,3.424228446E-1
1.823916667E1,2.411843752E-1,3.423354707E-1
1.824333333E1,2.432840749E-1,3.419892519E-1
1.824750000E1,2.441834781E-1,3.415449199E-1
1.825166667E1,2.442255266E-1,3.410305071E-1
1.825583333E1,2.447399394E-1,3.410725556E-1
1.826000000E1,2.449114103E-1,3.410865718E-1
1.826416667E1,2.454538554E-1,3.407856784E-1
1.826833333E1,2.470391423E-1,3.403974111E-1
1.827250000E1,2.476376521E-1,3.394106340E-1
1.827666667E1,2.491075327E-1,3.383224668E-1
1.828083333E1,2.498354649E-1,3.378641187E-1
1.828500000E1,2.517636937E-1,3.375038837E-1
1.828916667E1,2.538914257E-1,3.368147231E-1
1.829333333E1,2.539054418E-1,3.366432521E-1
1.829750000E1,2.546614064E-1,3.358419622E-1
1.830166667E1,2.561172708E-1,3.349252659E-1
1.830583333E1,2.578006709E-1,3.333367021E-1
1.831000000E1,2.595994772E-1,3.324480382E-1
1.831416667E1,2.606703513E-1,3.320177224E-1
1.831833333E1,2.621542481E-1,3.307580842E-1
1.832250000E1,2.627247255E-1,3.301142490E-1
1.832666667E1,2.643941094E-1,3.286971561E-1
1.833083333E1,2.657205514E-1,3.272520309E-1
1.833500000E1,2.660915256E-1,3.269371214E-1
1.833916667E1,2.690453030E-1,3.245893161E-1
1.834333333E1,2.706726384E-1,3.236866360E-1
1.834750000E1,2.717855610E-1,3.227419074E-1
1.835166667E1,2.729965967E-1,3.205968823E-1
1.835583333E1,2.741936163E-1,3.186233281E-1
1.836000000E1,2.766329809E-1,3.162334743E-1
1.836416667E1,2.783303971E-1,3.144734395E-1
1.836833333E1,2.798283100E-1,3.130423305E-1
1.837250000E1,2.810673781E-1,3.105543635E-1
1.837666667E1,2.817640011E-1,3.083672899E-1
1.838083333E1,2.835455143E-1,3.055784296E-1
1.838500000E1,2.848859725E-1,3.039618334E-1
1.838916667E1,2.860689759E-1,3.021597502E-1
1.839333333E1,2.870945245E-1,3.001721798E-1
1.839750000E1,2.888199731E-1,2.980692032E-1
1.840166667E1,2.890722641E-1,2.949827264E-1
1.840583333E1,2.909378743E-1,2.911650405E-1
1.841000000E1,2.927894683E-1,2.875188255E-1
1.841416667E1,2.944154696E-1,2.843793102E-1
1.841833333E1,2.972373275E-1,2.797268470E-1
1.842250000E1,2.987473818E-1,2.761879369E-1
1.842666667E1,2.996534143E-1,2.740645908E-1
1.843083333E1,3.011086300E-1,2.702072297E-1
1.843500000E1,3.020838368E-1,2.672356590E-1
1.843916667E1,3.036232918E-1,2.633337992E-1
1.844333333E1,3.050613262E-1,2.591795464E-1
1.844750000E1,3.059945746E-1,2.552281348E-1
1.845166667E1,3.077864226E-1,2.512248544E-1
1.845583333E1,3.084118813E-1,2.463321242E-1
1.846000000E1,3.103756046E-1,2.413141418E-1
1.846416667E1,3.109675606E-1,2.361840300E-1
1.846833333E1,3.121753194E-1,2.319673375E-1
1.847250000E1,3.135965976E-1,2.272502485E-1
1.847666667E1,3.150739405E-1,2.218472757E-1
1.848083333E1,3.157813027E-1,2.174170638E-1
1.848500000E1,3.168596391E-1,2.126719424E-1
1.848916667E1,3.174918153E-1,2.083862198E-1
1.849333333E1,3.189077950E-1,2.023509496E-1
1.849750000E1,3.200432379E-1,1.959851974E-1
1.850166667E1,3.215869997E-1,1.902679228E-1
1.850583333E1,3.220603701E-1,1.849471188E-1
1.851000000E1,3.239264349E-1,1.787070834E-1
1.851416667E1,3.242373425E-1,1.725336424E-1
1.851833333E1,3.253336933E-1,1.662306900E-1
1.852250000E1,3.261081042E-1,1.591265652E-1
1.852666667E1,3.275421242E-1,1.534323568E-1
1.853083333E1,3.280883088E-1,1.483573514E-1
1.853500000E1,3.294264515E-1,1.413930667E-1
1.853916667E1,3.308020531E-1,1.339705178E-1
1.854333333E1,3.308961049E-1,1.290573949E-1
1.854750000E1,3.321093847E-1,1.236206571E-1
1.855166667E1,3.325963499E-1,1.176632239E-1
1.855583333E1,3.320349142E-1,1.128478404E-1
1.856000000E1,3.309418956E-1,1.100804461E-1
1.856416667E1,3.261126772E-1,1.100309353E-1
1.856833333E1,3.222135215E-1,1.104950793E-1
1.857250000E1,3.152765251E-1,1.115590035E-1
1.857666667E1,3.096580217E-1,1.128287181E-1
1.858083333E1,3.027884452E-1,1.145112097E-1
1.858500000E1,2.961917298E-1,1.170790883E-1
1.858916667E1,2.901622148E-1,1.169314644E-1
1.859333333E1,2.830024842E-1,1.158283726E-1
1.859750000E1,2.772177980E-1,1.169090775E-1
1.860166667E1,2.686755607E-1,1.179369947E-1
1.860583333E1,2.612423429E-1,1.168192350E-1
1.861000000E1,2.552726619E-1,1.178562747E-1
1.861416667E1,2.478565813E-1,1.180721271E-1
1.861833333E1,2.404627504E-1,1.180157820E-1
1.862250000E1,2.333856161E-1,1.174372916E-1
1.862666667E1,2.254028910E-1,1.178808422E-1
1.863083333E1,2.188924013E-1,1.170746535E-1
1.863500000E1,2.120207157E-1,1.173350052E-1
1.863916667E1,2.036048437E-1,1.163730691E-1
1.864333333E1,1.970721044E-1,1.158390780E-1
1.864750000E1,1.900617191E-1,1.144439952E-1
1.865166667E1,1.819402942E-1,1.132321113E-1
1.865583333E1,1.740832284E-1,1.123043172E-1
1.866000000E1,1.658568889E-1,1.118493512E-1
1.866416667E1,1.585571289E-1,1.103845664E-1
1.866833333E1,1.496767818E-1,1.100248342E-1
1.867250000E1,1.436048057E-1,1.096505575E-1
1.867666667E1,1.362487269E-1,1.085610604E-1
1.868083333E1,1.279669931E-1,1.098369274E-1
