mass_A
t,x,y
1.307979167E2,9.458857592E-2,1.610170902E-1
1.308020833E2,9.573606054E-2,1.603526902E-1
1.308062500E2,9.538968950E-2,1.606884330E-1
1.308104167E2,9.538968950E-2,1.606884330E-1
1.308145833E2,9.572897501E-2,1.608074327E-1
1.308187500E2,9.572897501E-2,1.608074327E-1
1.308229167E2,9.572897501E-2,1.608074327E-1
1.308270833E2,9.572897501E-2,1.608074327E-1
1.308312500E2,9.572897501E-2,1.608074327E-1
1.308354167E2,9.572897501E-2,1.608074327E-1
1.308395833E2,9.584266064E-2,1.608092041E-1
1.308437500E2,9.607003191E-2,1.608127469E-1
1.308479167E2,9.607003191E-2,1.608127469E-1
1.308520833E2,9.607003191E-2,1.608127469E-1
1.308562500E2,9.607003191E-2,1.608127469E-1
1.308604167E2,9.709320260E-2,1.608286893E-1
1.308645833E2,9.709320260E-2,1.608286893E-1
1.308687500E2,9.709320260E-2,1.608286893E-1
1.308729167E2,9.709320260E-2,1.608286893E-1
1.308770833E2,9.709320260E-2,1.608286893E-1
1.308812500E2,9.743425950E-2,1.608340035E-1
1.308854167E2,9.743425950E-2,1.608340035E-1
1.308895833E2,9.743425950E-2,1.608340035E-1
1.308937500E2,9.777531640E-2,1.608393176E-1
1.308979167E2,9.777531640E-2,1.608393176E-1
1.309020833E2,9.777531640E-2,1.608393176E-1
1.309062500E2,9.788900203E-2,1.608410890E-1
1.309104167E2,9.856757306E-2,1.610790886E-1
1.309145833E2,9.856757306E-2,1.610790886E-1
1.309187500E2,9.879494432E-2,1.610826313E-1
1.309229167E2,9.925145824E-2,1.609760312E-1
1.309270833E2,1.002834858E-1,1.604235455E-1
1.309312500E2,1.002817145E-1,1.605372311E-1
1.309354167E2,1.005055430E-1,1.607681452E-1
1.309395833E2,1.011858854E-1,1.608924591E-1
1.309437500E2,1.016406279E-1,1.608995446E-1
1.309479167E2,1.016406279E-1,1.608995446E-1
1.309520833E2,1.016406279E-1,1.608995446E-1
1.309562500E2,1.016317710E-1,1.614679728E-1
1.309604167E2,1.025465702E-1,1.611410870E-1
1.309645833E2,1.025483416E-1,1.610274013E-1
1.309687500E2,1.025483416E-1,1.610274013E-1
1.309729167E2,1.026620272E-1,1.610291727E-1
1.309770833E2,1.026620272E-1,1.610291727E-1
1.309812500E2,1.026620272E-1,1.610291727E-1
1.309854167E2,1.035750550E-1,1.608159725E-1
1.309895833E2,1.040315690E-1,1.607093724E-1
1.309937500E2,1.046035399E-1,1.604908580E-1
1.309979167E2,1.047172255E-1,1.604926294E-1
1.310020833E2,1.049445968E-1,1.604961722E-1
1.310062500E2,1.049445968E-1,1.604961722E-1
1.310104167E2,1.056267106E-1,1.605068005E-1
1.310145833E2,1.064242814E-1,1.604055145E-1
1.310187500E2,1.069927095E-1,1.604143714E-1
1.310229167E2,1.071099379E-1,1.601887716E-1
1.310270833E2,1.083622513E-1,1.600945711E-1
1.310312500E2,1.087033082E-1,1.600998853E-1
1.310354167E2,1.090443651E-1,1.601051994E-1
1.310395833E2,1.098437073E-1,1.598902278E-1
1.310437500E2,1.098437073E-1,1.598902278E-1
1.310479167E2,1.104103641E-1,1.600127704E-1
1.310520833E2,1.108651066E-1,1.600198559E-1
1.310562500E2,1.117657347E-1,1.606024551E-1
1.310604167E2,1.124496199E-1,1.604993978E-1
1.310645833E2,1.125633055E-1,1.605011692E-1
1.310687500E2,1.129079052E-1,1.602791121E-1
1.310729167E2,1.134781048E-1,1.601742833E-1
1.310770833E2,1.142739042E-1,1.601866830E-1
1.310812500E2,1.153006176E-1,1.599752542E-1
1.310854167E2,1.165529310E-1,1.598810538E-1
1.310937500E2,1.168939879E-1,1.598863679E-1
1.310979167E2,1.186028151E-1,1.596855674E-1
1.311020833E2,1.196259858E-1,1.597015098E-1
1.311062500E2,1.206509279E-1,1.596037667E-1
1.311104167E2,1.211092132E-1,1.593834809E-1
1.311145833E2,1.217913270E-1,1.593941092E-1
1.311187500E2,1.221341553E-1,1.592857377E-1
1.311229167E2,1.235019256E-1,1.590796231E-1
1.311270833E2,1.244114107E-1,1.590937941E-1
1.311312500E2,1.248679246E-1,1.589871940E-1
1.311354167E2,1.264630662E-1,1.587846221E-1
1.311395833E2,1.289747784E-1,1.581414787E-1
1.311437500E2,1.302270918E-1,1.580472783E-1
1.311479167E2,1.305681487E-1,1.580525924E-1
1.311520833E2,1.319376904E-1,1.577327921E-1
1.311562500E2,1.326233470E-1,1.575160492E-1
1.311604167E2,1.336482890E-1,1.574183060E-1
1.311645833E2,1.351315164E-1,1.571002770E-1
1.311687500E2,1.363856011E-1,1.568923910E-1
1.311729167E2,1.382116568E-1,1.564659906E-1
1.311770833E2,1.399222554E-1,1.561515044E-1
1.311812500E2,1.411727974E-1,1.561709896E-1
1.311854167E2,1.425423391E-1,1.558511893E-1
1.311895833E2,1.442564805E-1,1.553093319E-1
1.311937500E2,1.460860789E-1,1.546555602E-1
1.311979167E2,1.471163352E-1,1.542167601E-1
1.312020833E2,1.497470472E-1,1.532343312E-1
1.312062500E2,1.518040168E-1,1.525841023E-1
1.312104167E2,1.529461873E-1,1.522607593E-1
1.312145833E2,1.555751279E-1,1.513920160E-1
1.312187500E2,1.574011836E-1,1.509656156E-1
1.312229167E2,1.590016393E-1,1.504219868E-1
1.312270833E2,1.616937533E-1,1.505006981E-1
1.312312500E2,1.638861431E-1,1.488199492E-1
1.312354167E2,1.660616608E-1,1.482220381E-1
1.312395833E2,1.679650630E-1,1.477101455E-1
1.312437500E2,1.712318546E-1,1.465876876E-1
1.312479167E2,1.736780817E-1,1.459939945E-1
1.312520833E2,1.758718776E-1,1.442230091E-1
1.312562500E2,1.785098258E-1,1.429102362E-1
1.312604167E2,1.809658950E-1,1.416848877E-1
1.312645833E2,1.832485213E-1,1.400055448E-1
1.312687500E2,1.861529610E-1,1.389676994E-1
1.312729167E2,1.891588852E-1,1.372093681E-1
1.312770833E2,1.920703548E-1,1.357203403E-1
1.312812500E2,1.940865504E-1,1.343286227E-1
1.312854167E2,1.971488713E-1,1.324053086E-1
1.312895833E2,2.003651348E-1,1.303327755E-1
1.312937500E2,2.032758748E-1,1.284070996E-1
1.312979167E2,2.062706716E-1,1.259520716E-1
1.313020833E2,2.090321926E-1,1.238724530E-1
1.313062500E2,2.118683231E-1,1.218698057E-1
1.313104167E2,2.148737483E-1,1.187326639E-1
1.313145833E2,2.179478783E-1,1.160514456E-1
1.313187500E2,2.218686931E-1,1.125495228E-1
1.313229167E2,2.246514707E-1,1.091056766E-1
1.313270833E2,2.278866290E-1,1.058204967E-1
1.313312500E2,2.308186256E-1,1.025305932E-1
1.313354167E2,2.350485067E-1,9.865444196E-2
1.313395833E2,2.378336461E-1,9.505901490E-2
1.313437500E2,2.408544232E-1,9.093659765E-2
1.313479167E2,2.447870473E-1,8.667677062E-2
1.313520833E2,2.472796533E-1,8.239450607E-2
1.313562500E2,2.502788056E-1,7.832038917E-2
1.313608333E2,2.538922313E-1,7.232937921E-2
1.313650000E2,2.565793899E-1,6.785832936E-2
1.313691667E2,2.593891233E-1,6.131324639E-2
1.313733333E2,2.625274643E-1,5.684922660E-2
1.313775000E2,2.648677371E-1,5.147018786E-2
1.313816667E2,2.679355258E-1,4.574145128E-2
1.313858333E2,2.709060480E-1,4.046249111E-2
1.313900000E2,2.731771745E-1,3.372849911E-2
1.313941667E2,2.755343194E-1,2.726662256E-2
1.313983333E2,2.771695725E-1,2.079349793E-2
1.314025000E2,2.791927272E-1,1.443639038E-2
1.314066667E2,2.812601138E-1,8.252279766E-3
1.314108333E2,2.828194049E-1,6.198846844E-4
1.314150000E2,2.842094013E-1,-5.878015915E-3
1.314191667E2,2.859210010E-1,-1.372936479E-2
1.314233333E2,2.869442828E-1,-2.147564228E-2
1.314275000E2,2.877913097E-1,-2.949544124E-2
1.314316667E2,2.892615560E-1,-3.696397922E-2
1.314358333E2,2.893852850E-1,-4.490478980E-2
1.314400000E2,2.904015368E-1,-5.219988487E-2
1.314441667E2,2.903377628E-1,-5.969232505E-2
1.314483333E2,2.906588369E-1,-6.871316141E-2
1.314525000E2,2.905992810E-1,-7.647631104E-2
1.314566667E2,2.909662097E-1,-8.463607255E-2
1.314608333E2,2.902821600E-1,-9.275176703E-2
1.314650000E2,2.899130230E-1,-1.015717454E-1
1.314691667E2,2.898382817E-1,-1.097792589E-1
1.314733333E2,2.894494294E-1,-1.183724698E-1
1.314775000E2,2.882056558E-1,-1.261243494E-1
1.314816667E2,2.866646252E-1,-1.342599048E-1
1.314858333E2,2.855856388E-1,-1.425344337E-1
1.314900000E2,2.842694013E-1,-1.508235490E-1
1.314941667E2,2.814470190E-1,-1.594339226E-1
1.314983333E2,2.795175889E-1,-1.669690592E-1
1.315025000E2,2.767343884E-1,-1.732287488E-1
1.315066667E2,2.734336452E-1,-1.803303995E-1
1.315108333E2,2.696698929E-1,-1.869086028E-1
1.315150000E2,2.645988088E-1,-1.922942350E-1
1.315191667E2,2.593655155E-1,-1.970001152E-1
1.315233333E2,2.521545857E-1,-2.012819569E-1
1.315275000E2,2.450787038E-1,-2.045003708E-1
1.315316667E2,2.363295281E-1,-2.073658129E-1
1.315358333E2,2.285609041E-1,-2.099127413E-1
1.315400000E2,2.216011755E-1,-2.108550808E-1
1.315441667E2,2.126968761E-1,-2.134955134E-1
1.315483333E2,2.055076153E-1,-2.158348876E-1
1.315525000E2,1.901453658E-1,-2.208971182E-1
1.315566667E2,1.814389146E-1,-2.216392476E-1
1.315608333E2,1.719282919E-1,-2.242891277E-1
1.315650000E2,1.616455939E-1,-2.260413319E-1
1.315691667E2,1.518981526E-1,-2.280884313E-1
1.315733333E2,1.405425794E-1,-2.290992642E-1
1.315775000E2,1.304837099E-1,-2.306205544E-1
1.315816667E2,1.195876030E-1,-2.319274634E-1
1.315858333E2,1.082261253E-1,-2.325593442E-1
1.315900000E2,9.928876015E-2,-2.330776451E-1
1.315941667E2,8.746309252E-2,-2.331102880E-1
1.315983333E2,7.593113920E-2,-2.325318839E-1
1.316025000E2,6.371825301E-2,-2.320398985E-1
1.316066667E2,5.355407005E-2,-2.316676090E-1
1.316108333E2,4.224004062E-2,-2.304793388E-1
1.316150000E2,3.152524904E-2,-2.288268786E-1
1.316191667E2,2.050847669E-2,-2.272549325E-1
1.316233333E2,9.562771076E-3,-2.253786439E-1
1.316275000E2,-3.419443010E-4,-2.221973851E-1
1.316316667E2,-1.258414210E-2,-2.149588713E-1
1.316358333E2,-2.070295316E-2,-2.096271386E-1
1.316400000E2,-2.735222317E-2,-2.061677290E-1
1.316441667E2,-4.145042253E-2,-2.063115900E-1
1.316483333E2,-4.963911941E-2,-2.013599903E-1
1.316525000E2,-5.725668517E-2,-1.951160606E-1
1.316566667E2,-6.435761525E-2,-1.884216837E-1
1.316608333E2,-7.224027588E-2,-1.806920266E-1
1.316650000E2,-7.701859208E-2,-1.729524434E-1
1.316691667E2,-8.237338971E-2,-1.647530319E-1
1.316733333E2,-8.731367808E-2,-1.573513217E-1
1.316775000E2,-9.137962681E-2,-1.492926601E-1
1.316816667E2,-9.584609049E-2,-1.404473877E-1
1.316858333E2,-9.923379909E-2,-1.322370114E-1
1.316900000E2,-1.032301929E-1,-1.238845016E-1
1.316941667E2,-1.059239785E-1,-1.164214012E-1
1.316983333E2,-1.092429822E-1,-1.077551014E-1
1.317025000E2,-1.121487871E-1,-1.012808192E-1
1.317066667E2,-1.140988395E-1,-9.289642453E-2
1.317108333E2,-1.164906443E-1,-8.535281001E-2
1.317150000E2,-1.192673058E-1,-7.743614799E-2
1.317191667E2,-1.210409781E-1,-7.064099031E-2
1.317233333E2,-1.227400408E-1,-6.376886129E-2
1.317275000E2,-1.244426463E-1,-5.666936100E-2
1.317316667E2,-1.263678994E-1,-4.987656517E-2
1.317358333E2,-1.279142003E-1,-4.307786472E-2
1.317400000E2,-1.293053777E-1,-3.650417370E-2
1.317441667E2,-1.303022509E-1,-3.090985355E-2
1.317483333E2,-1.318438282E-1,-2.441431480E-2
1.317525000E2,-1.325363589E-1,-1.889106139E-2
1.317566667E2,-1.340684888E-1,-1.300184600E-2
1.317608333E2,-1.346875909E-1,-7.325830827E-3
1.317650000E2,-1.356004073E-1,-2.260862711E-3
1.317691667E2,-1.358334717E-1,2.966314545E-3
1.317733333E2,-1.368884216E-1,7.422597444E-3
1.317775000E2,-1.379516379E-1,1.240941330E-2
1.317816667E2,-1.380982836E-1,1.695565768E-2
1.317858333E2,-1.387067574E-1,2.194955906E-2
1.317900000E2,-1.391435746E-1,2.565738511E-2
1.317941667E2,-1.389787922E-1,2.967782023E-2
1.317983333E2,-1.397246758E-1,3.375987471E-2
1.318025000E2,-1.394024079E-1,3.740371956E-2
1.318066667E2,-1.391476640E-1,4.051585054E-2
1.318108333E2,-1.392718722E-1,4.362207691E-2
1.318150000E2,-1.387092430E-1,4.643576988E-2
1.318191667E2,-1.379770309E-1,4.917168921E-2
1.318233333E2,-1.380246331E-1,5.222675505E-2
1.318275000E2,-1.368550141E-1,5.457704302E-2
1.318316667E2,-1.364956232E-1,5.731678643E-2
1.318358333E2,-1.356513482E-1,5.990325305E-2
1.318400000E2,-1.346375113E-1,6.192944976E-2
1.318441667E2,-1.341010425E-1,6.362654445E-2
1.318483333E2,-1.328372474E-1,6.509372395E-2
1.318525000E2,-1.321399857E-1,6.679332402E-2
1.318566667E2,-1.318396956E-1,6.816507476E-2
1.318608333E2,-1.307329354E-1,6.938855947E-2
1.318650000E2,-1.296199117E-1,7.021006183E-2
1.318691667E2,-1.283435897E-1,7.087327663E-2
1.318733333E2,-1.278687270E-1,7.136317159E-2
1.318775000E2,-1.274705028E-1,7.161062445E-2
1.318816667E2,-1.269127382E-1,7.194097916E-2
1.318858333E2,-1.264328648E-1,7.210928824E-2
1.318900000E2,-1.257105493E-1,7.220095893E-2
1.318941667E2,-1.244995915E-1,7.189816340E-2
1.318983333E2,-1.233652721E-1,7.135292578E-2
1.319025000E2,-1.226266715E-1,7.039944236E-2
1.319066667E2,-1.216431236E-1,6.920852761E-2
1.319108333E2,-1.210502837E-1,6.728778117E-2
1.319150000E2,-1.199021847E-1,6.585818239E-2
1.319191667E2,-1.188432510E-1,6.499010620E-2
1.319233333E2,-1.169715838E-1,6.357178163E-2
1.319275000E2,-1.152556987E-1,6.182936580E-2
1.319316667E2,-1.132898554E-1,5.952793275E-2
1.319358333E2,-1.119696893E-1,5.737727112E-2
1.319400000E2,-1.102174762E-1,5.330335768E-2
1.319441667E2,-1.093055559E-1,5.154841495E-2
1.319483333E2,-1.078058064E-1,4.819431166E-2
1.319525000E2,-1.064718607E-1,4.515928887E-2
1.319566667E2,-1.052245748E-1,4.252499573E-2
1.319608333E2,-1.032499627E-1,3.966078740E-2
1.319650000E2,-1.009541178E-1,3.508794015E-2
1.319691667E2,-9.997465925E-2,3.074674463E-2
1.319733333E2,-9.953162864E-2,2.832213687E-2
1.319775000E2,-9.938141560E-2,2.518377594E-2
1.319816667E2,-9.951455084E-2,2.072393169E-2
1.319858333E2,-1.011891065E-1,1.765845125E-2
1.319900000E2,-1.016434672E-1,1.430804431E-2
1.319941667E2,-1.015756039E-1,9.952644855E-3
1.319983333E2,-1.030365353E-1,6.181302324E-3
1.320025000E2,-1.034814267E-1,2.223165229E-3
1.320066667E2,-1.034151417E-1,-2.030945867E-3
1.320108333E2,-1.036369395E-1,-7.302675203E-3
1.320150000E2,-1.032604360E-1,-1.175704672E-2
1.320191667E2,-1.038369023E-1,-1.572327598E-2
1.320233333E2,-1.046427618E-1,-2.135257025E-2
1.320275000E2,-1.045652091E-1,-2.632983404E-2
1.320316667E2,-1.043580456E-1,-3.143273144E-2
1.320358333E2,-1.034988516E-1,-3.741904122E-2
1.320400000E2,-1.032857226E-1,-4.290480507E-2
1.320441667E2,-1.029549140E-1,-4.775046964E-2
1.320483333E2,-1.025044374E-1,-5.208365709E-2
1.320525000E2,-1.021497665E-1,-5.846078745E-2
1.320566667E2,-1.007423018E-1,-6.686396391E-2
1.320608333E2,-1.002699514E-1,-7.260099499E-2
1.320650000E2,-9.774570392E-2,-7.894432029E-2
1.320691667E2,-9.789157889E-2,-8.596751552E-2
1.320733333E2,-9.575417493E-2,-9.206156211E-2
1.320775000E2,-9.438051533E-2,-9.829516206E-2
1.320816667E2,-9.248841299E-2,-1.050312965E-1
1.320858333E2,-9.033311223E-2,-1.122739424E-1
1.320900000E2,-8.856465498E-2,-1.192673096E-1
1.320941667E2,-8.564362133E-2,-1.264980244E-1
1.320983333E2,-8.351218297E-2,-1.322092045E-1
1.321025000E2,-8.135887074E-2,-1.393242283E-1
1.321066667E2,-7.792085192E-2,-1.463018324E-1
1.321108333E2,-7.548612461E-2,-1.519501746E-1
1.321150000E2,-7.275678564E-2,-1.591283190E-1
1.321191667E2,-6.885296637E-2,-1.663784217E-1
1.321233333E2,-6.522829263E-2,-1.730913235E-1
1.321275000E2,-6.178830989E-2,-1.795363279E-1
1.321316667E2,-5.556365025E-2,-1.851256176E-1
1.321358333E2,-5.192632240E-2,-1.926506478E-1
1.321400000E2,-4.946502022E-2,-1.968891643E-1
1.321441667E2,-4.324590448E-2,-2.037884527E-1
1.321483333E2,-3.995488428E-2,-2.085621332E-1
1.321525000E2,-3.345839296E-2,-2.132372833E-1
1.321566667E2,-2.605642444E-2,-2.194153341E-1
1.321608333E2,-1.860922837E-2,-2.223680816E-1
1.321650000E2,-1.184812878E-2,-2.281381382E-1
1.321691667E2,-7.805256149E-3,-2.297429386E-1
1.321733333E2,-1.166614436E-3,-2.325202345E-1
1.321775000E2,6.747474308E-3,-2.344437600E-1
1.321816667E2,1.390838252E-2,-2.366822564E-1
1.321858333E2,2.189708077E-2,-2.385288106E-1
1.321900000E2,3.057143557E-2,-2.405921078E-1
1.321941667E2,3.833748624E-2,-2.427453664E-1
1.321983333E2,4.972258240E-2,-2.436292941E-1
1.322025000E2,5.703625238E-2,-2.459412191E-1
1.322066667E2,6.246836338E-2,-2.442645939E-1
1.322108333E2,7.179412802E-2,-2.443467118E-1
1.322150000E2,8.105354961E-2,-2.450363340E-1
1.322191667E2,9.029998106E-2,-2.448922615E-1
1.322233333E2,9.901587956E-2,-2.447564555E-1
1.322275000E2,1.081853397E-1,-2.445377736E-1
1.322316667E2,1.178059995E-1,-2.440846349E-1
1.322358333E2,1.266593078E-1,-2.430369820E-1
1.322400000E2,1.364943488E-1,-2.417466058E-1
1.322441667E2,1.443718290E-1,-2.413206283E-1
1.322483333E2,1.545822793E-1,-2.397969763E-1
1.322525000E2,1.634960260E-1,-2.377628670E-1
1.322566667E2,1.718898681E-1,-2.364191379E-1
1.322608333E2,1.804945485E-1,-2.340108002E-1
1.322650000E2,1.900075331E-1,-2.315125010E-1
1.322691667E2,1.983777567E-1,-2.286529635E-1
1.322733333E2,2.075862007E-1,-2.253720029E-1
1.322775000E2,2.184435352E-1,-2.222756046E-1
1.322816667E2,2.277775663E-1,-2.228882554E-1
1.322858333E2,2.347471652E-1,-2.128487036E-1
1.322900000E2,2.395909318E-1,-2.098355343E-1
1.322941667E2,2.466069447E-1,-2.059466635E-1
1.322983333E2,2.539194896E-1,-2.004448525E-1
1.323025000E2,2.612408034E-1,-1.955058168E-1
1.323066667E2,2.676627237E-1,-1.896158031E-1
1.323108333E2,2.731824440E-1,-1.836699017E-1
1.323150000E2,2.787047280E-1,-1.780498128E-1
1.323191667E2,2.843703263E-1,-1.718968290E-1
1.323233333E2,2.882880212E-1,-1.654678447E-1
1.323275000E2,2.929695250E-1,-1.594060033E-1
1.323316667E2,2.969571057E-1,-1.525968860E-1
1.323358333E2,3.004295055E-1,-1.467813106E-1
1.323400000E2,3.044253527E-1,-1.405027263E-1
1.323441667E2,3.077367242E-1,-1.340831894E-1
1.323483333E2,3.103919623E-1,-1.293416701E-1
1.323525000E2,3.134440777E-1,-1.208793345E-1
1.323566667E2,3.155557926E-1,-1.153123870E-1
1.323608333E2,3.188777925E-1,-1.095749639E-1
1.323650000E2,3.208391075E-1,-1.040861687E-1
1.323691667E2,3.233380410E-1,-9.904384951E-2
1.323733333E2,3.249879279E-1,-9.302924499E-2
1.323775000E2,3.273933572E-1,-8.685125042E-2
1.323816667E2,3.288394912E-1,-8.235599711E-2
1.323858333E2,3.302620068E-1,-7.634493536E-2
1.323900000E2,3.326945973E-1,-7.191012048E-2
1.323941667E2,3.338174940E-1,-6.613115368E-2
1.323983333E2,3.350527897E-1,-6.270050904E-2
1.324025000E2,3.370934379E-1,-5.743790413E-2
1.324066667E2,3.376893444E-1,-5.189457505E-2
1.324108333E2,3.388771918E-1,-5.028408145E-2
1.324150000E2,3.392030024E-1,-4.686760786E-2
1.324191667E2,3.405721652E-1,-4.229774505E-2
1.324233333E2,3.413361854E-1,-3.781312003E-2
1.324275000E2,3.426077306E-1,-3.461226886E-2
1.324316667E2,3.426355141E-1,-3.123436446E-2
1.324358333E2,3.434810418E-1,-2.872829431E-2
1.324400000E2,3.432789101E-1,-2.607771620E-2
1.324441667E2,3.443643746E-1,-2.348749151E-2
1.324483333E2,3.443217831E-1,-2.075401155E-2
1.324525000E2,3.448595046E-1,-1.913731333E-2
1.324566667E2,3.448219239E-1,-1.672541924E-2
1.324608333E2,3.443166875E-1,-1.502403296E-2
1.324650000E2,3.438276982E-1,-1.283319626E-2
1.324691667E2,3.432570139E-1,-1.026458837E-2
1.324733333E2,3.425642718E-1,-9.593102873E-3
1.324775000E2,3.412616636E-1,-8.703693481E-3
1.324816667E2,3.410142167E-1,-7.418799077E-3
1.324858333E2,3.402563125E-1,-7.430608293E-3
1.324900000E2,3.388743710E-1,-6.315008558E-3
1.324941667E2,3.386469998E-1,-6.318551323E-3
1.324983333E2,3.363662016E-1,-5.899236443E-3
1.325025000E2,3.352281643E-1,-5.841159846E-3
1.325066667E2,3.336259372E-1,-5.183845406E-3
1.325108333E2,3.328005090E-1,-5.727368496E-3
1.325150000E2,3.305232536E-1,-5.535424881E-3
1.325191667E2,3.296137685E-1,-5.549595941E-3
1.325233333E2,3.286284930E-1,-5.564947923E-3
1.325275000E2,3.268213321E-1,-6.351194260E-3
1.325316667E2,3.246257437E-1,-8.126896848E-3
1.325358333E2,3.224242294E-1,-9.883519699E-3
1.325400000E2,3.204126662E-1,-1.082667924E-2
1.325441667E2,3.200217167E-1,-1.174458734E-2
1.325483333E2,3.186194618E-1,-1.277956595E-2
1.325525000E2,3.162216837E-1,-1.494449867E-2
1.325566667E2,3.143287692E-1,-1.700025196E-2
1.325608333E2,3.128520556E-1,-1.975871089E-2
1.325650000E2,3.102517008E-1,-2.192680004E-2
1.325691667E2,3.080754380E-1,-2.530403665E-2
1.325733333E2,3.056808163E-1,-2.767154608E-2
1.325775000E2,3.024695749E-1,-2.964652781E-2
1.325816667E2,3.009057769E-1,-3.331816020E-2
1.325858333E2,2.994290634E-1,-3.607661913E-2
1.325900000E2,2.959407865E-1,-3.977823762E-2
1.325941667E2,2.940731235E-1,-4.345460465E-2
1.325983333E2,2.913762149E-1,-4.592813709E-2
1.326025000E2,2.896256224E-1,-5.061580951E-2
1.326066667E2,2.860534176E-1,-5.543317816E-2
1.326108333E2,2.821615655E-1,-5.924239786E-2
1.326150000E2,2.792949157E-1,-6.347472384E-2
1.326191667E2,2.762111574E-1,-6.830646789E-2
1.326233333E2,2.723096467E-1,-7.278992011E-2
1.326275000E2,2.695826163E-1,-7.734533067E-2
1.326316667E2,2.666469927E-1,-8.009882357E-2
1.326358333E2,2.643880168E-1,-8.573004187E-2
1.326400000E2,2.619204478E-1,-8.955934251E-2
1.326441667E2,2.590961508E-1,-9.366497666E-2
1.326483333E2,2.559249681E-1,-9.867859969E-2
1.326525000E2,2.540227201E-1,-1.040334845E-1
1.326566667E2,2.512152953E-1,-1.092219564E-1
1.326608333E2,2.479412219E-1,-1.134248571E-1
1.326650000E2,2.423024701E-1,-1.222677808E-1
1.326691667E2,2.380667277E-1,-1.284713503E-1
1.326733333E2,2.340862286E-1,-1.336781004E-1
1.326775000E2,2.304779235E-1,-1.396011183E-1
1.326816667E2,2.261406965E-1,-1.450842019E-1
1.326858333E2,2.222419978E-1,-1.497481271E-1
1.326900000E2,2.173549158E-1,-1.546982279E-1
1.326941667E2,2.129260463E-1,-1.600924810E-1
1.326983333E2,2.094921743E-1,-1.635116246E-1
1.327025000E2,2.058540227E-1,-1.684200768E-1
1.327066667E2,1.984275308E-1,-1.734633654E-1
1.327108333E2,1.943062945E-1,-1.765599330E-1
1.327150000E2,1.912673807E-1,-1.810041952E-1
1.327191667E2,1.879253051E-1,-1.854531812E-1
1.327233333E2,1.799527169E-1,-1.943712287E-1
1.327275000E2,1.751741662E-1,-1.990700234E-1
1.327316667E2,1.708515388E-1,-2.038375230E-1
1.327358333E2,1.654796548E-1,-2.093794597E-1
1.327400000E2,1.622785319E-1,-2.131439700E-1
1.327441667E2,1.564330106E-1,-2.174803455E-1
1.327483333E2,1.524206305E-1,-2.226978640E-1
1.327525000E2,1.483917175E-1,-2.268543165E-1
1.327566667E2,1.434710332E-1,-2.321617965E-1
1.327608333E2,1.376137027E-1,-2.357402677E-1
1.327650000E2,1.322370951E-1,-2.409790428E-1
1.327691667E2,1.279607351E-1,-2.438506009E-1
1.327733333E2,1.238312323E-1,-2.464166355E-1
1.327775000E2,1.186583775E-1,-2.501360594E-1
1.327816667E2,1.133055997E-1,-2.520388749E-1
1.327858333E2,1.090825926E-1,-2.534692341E-1
1.327900000E2,1.048406909E-1,-2.536869466E-1
1.327941667E2,9.997002821E-2,-2.524740884E-1
1.327983333E2,9.523559441E-2,-2.502735929E-1
1.328025000E2,9.086830350E-2,-2.473092886E-1
1.328066667E2,8.635887913E-2,-2.449536695E-1
1.328108333E2,8.030176143E-2,-2.405753274E-1
1.328150000E2,7.615003258E-2,-2.368495761E-1
1.328191667E2,7.040080026E-2,-2.327696720E-1
1.328233333E2,6.541183400E-2,-2.288295396E-1
1.328275000E2,6.042286774E-2,-2.248894071E-1
1.328316667E2,5.466064528E-2,-2.199758084E-1
1.328358333E2,4.936025088E-2,-2.155098667E-1
1.328400000E2,4.489000835E-2,-2.108035636E-1
1.328441667E2,3.913487142E-2,-2.063447074E-1
1.328483333E2,3.326358130E-2,-2.041619257E-1
1.328525000E2,2.618672996E-2,-2.024527813E-1
1.328566667E2,1.934079265E-2,-2.009674654E-1
1.328608333E2,1.264171250E-2,-1.991766260E-1
1.328650000E2,6.225341500E-3,-1.942717978E-1
1.328691667E2,-1.757649426E-3,-1.916884323E-1
1.328733333E2,-8.667644628E-3,-1.884565393E-1
1.328775000E2,-1.567490637E-2,-1.847748699E-1
1.328816667E2,-1.916319698E-2,-1.868149070E-1
1.328858333E2,-2.701939512E-2,-1.865762841E-1
1.328900000E2,-3.375070780E-2,-1.835365071E-1
1.328941667E2,-3.998257473E-2,-1.809798807E-1
1.328983333E2,-4.581496470E-2,-1.782561980E-1
1.329025000E2,-5.115996508E-2,-1.758465850E-1
1.329066667E2,-5.698609160E-2,-1.735248847E-1
1.329108333E2,-6.312002439E-2,-1.720925562E-1
1.329150000E2,-6.803109341E-2,-1.692003874E-1
1.329191667E2,-7.072509043E-2,-1.665890549E-1
1.329233333E2,-7.409529663E-2,-1.643673028E-1
1.329275000E2,-8.003174888E-2,-1.628678158E-1
1.329316667E2,-8.538667711E-2,-1.597672826E-1
1.329358333E2,-8.945671094E-2,-1.564193025E-1
1.329400000E2,-9.324483967E-2,-1.517023711E-1
1.329441667E2,-9.668641673E-2,-1.485419399E-1
1.329483333E2,-9.881456693E-2,-1.461623236E-1
1.329525000E2,-1.003019721E-1,-1.436118719E-1
1.329566667E2,-1.032316800E-1,-1.414055968E-1
1.329608333E2,-1.053848871E-1,-1.374178536E-1
1.329650000E2,-1.078471911E-1,-1.342391853E-1
1.329691667E2,-1.098445969E-1,-1.299273111E-1
1.329733333E2,-1.111837178E-1,-1.265702903E-1
1.329775000E2,-1.116836957E-1,-1.254521186E-1
1.329816667E2,-1.122112361E-1,-1.225650074E-1
1.329858333E2,-1.123946000E-1,-1.211201989E-1
1.329900000E2,-1.129071063E-1,-1.191979638E-1
1.329941667E2,-1.137863404E-1,-1.143861118E-1
1.329983333E2,-1.144721878E-1,-1.116623189E-1
1.330025000E2,-1.148088473E-1,-1.107024542E-1
1.330066667E2,-1.148962207E-1,-1.088270763E-1
1.330108333E2,-1.173946173E-1,-1.041428389E-1
1.330150000E2,-1.164853540E-1,-1.051498964E-1
1.330191667E2,-1.165191590E-1,-1.029803199E-1
1.330233333E2,-1.157514376E-1,-1.030960108E-1
1.330275000E2,-1.165370558E-1,-1.018317205E-1
1.330316667E2,-1.166746206E-1,-1.011955983E-1
1.330358333E2,-1.165589297E-1,-1.004278769E-1
1.330400000E2,-1.165668838E-1,-9.991738830E-2
1.330441667E2,-1.165768265E-1,-9.927927755E-2
1.330483333E2,-1.164551699E-1,-9.889442258E-2
1.330525000E2,-1.162078798E-1,-9.837995692E-2
1.330566667E2,-1.163355019E-1,-9.838194545E-2
1.330608333E2,-1.162957313E-1,-1.009343884E-1
1.330650000E2,-1.161561779E-1,-1.016981328E-1
1.330691667E2,-1.156297811E-1,-1.027111558E-1
1.330733333E2,-1.152329949E-1,-1.035985453E-1
1.330775000E2,-1.149479226E-1,-1.055089004E-1
1.330816667E2,-1.149419570E-1,-1.058917669E-1
1.330858333E2,-1.149419570E-1,-1.058917669E-1
1.330900000E2,-1.139969001E-1,-1.091960230E-1
1.330941667E2,-1.137277361E-1,-1.100854010E-1
1.330983333E2,-1.131284423E-1,-1.111080933E-1
1.331025000E2,-1.125364070E-1,-1.143481707E-1
1.331066667E2,-1.114282610E-1,-1.159555553E-1
1.331108333E2,-1.103130849E-1,-1.180141222E-1
1.331150000E2,-1.090922062E-1,-1.210638845E-1
1.331191667E2,-1.083534422E-1,-1.221354743E-1
1.331233333E2,-1.072368601E-1,-1.242842777E-1
1.331275000E2,-1.061146540E-1,-1.267940271E-1
1.331316667E2,-1.057298059E-1,-1.283224233E-1
1.331358333E2,-1.043368903E-1,-1.308279547E-1
1.331400000E2,-1.019401253E-1,-1.340399118E-1
1.331441667E2,-1.008024530E-1,-1.375422625E-1
1.331483333E2,-9.913179793E-2,-1.404947583E-1
1.331525000E2,-9.625573028E-2,-1.455044150E-1
1.331566667E2,-9.412123866E-2,-1.492620091E-1
1.331608333E2,-9.171181955E-2,-1.532860945E-1
1.331650000E2,-8.902466094E-2,-1.577571444E-1
1.331691667E2,-8.717775091E-2,-1.604361187E-1
1.331733333E2,-8.522935631E-2,-1.638355788E-1
1.331775000E2,-8.290173761E-2,-1.684024892E-1
1.331816667E2,-7.939963862E-2,-1.730413579E-1
1.331858333E2,-7.570722458E-2,-1.783090700E-1
1.331900000E2,-7.368546563E-2,-1.806242863E-1
1.331941667E2,-6.854083178E-2,-1.864109211E-1
1.331983333E2,-6.602845232E-2,-1.892530399E-1
1.332025000E2,-6.176124249E-2,-1.927608384E-1
1.332066667E2,-5.775524256E-2,-1.958897476E-1
1.332108333E2,-5.502347558E-2,-1.991661643E-1
1.332150000E2,-5.101946419E-2,-2.021674513E-1
1.332191667E2,-4.365949480E-2,-2.075418573E-1
1.332233333E2,-3.809323858E-2,-2.093372860E-1
1.332275000E2,-2.984394377E-2,-2.123449739E-1
1.332316667E2,-2.697870703E-2,-2.155973850E-1
1.332358333E2,-1.915143761E-2,-2.173249928E-1
1.332400000E2,-1.406516430E-2,-2.186128133E-1
1.332441667E2,-7.848329656E-3,-2.202046820E-1
1.332483333E2,5.064154300E-4,-2.248190466E-1
1.332525000E2,6.797383093E-3,-2.260076803E-1
1.332566667E2,1.269137917E-2,-2.275241633E-1
1.332608333E2,1.864087734E-2,-2.290276353E-1
1.332650000E2,2.638330958E-2,-2.296650855E-1
1.332691667E2,3.232566643E-2,-2.315435246E-1
1.332733333E2,4.007046051E-2,-2.323325556E-1
1.332775000E2,4.827353988E-2,-2.333418724E-1
1.332816667E2,5.428578255E-2,-2.348401784E-1
1.332858333E2,5.985860436E-2,-2.354741581E-1
1.332900000E2,6.653526940E-2,-2.356113742E-1
1.332941667E2,7.387389654E-2,-2.369445158E-1
1.332983333E2,7.966995848E-2,-2.373367009E-1
1.333025000E2,8.763296703E-2,-2.374538740E-1
1.333066667E2,9.447293039E-2,-2.377493776E-1
1.333108333E2,1.009862971E-1,-2.377283062E-1
1.333150000E2,1.079832953E-1,-2.377801151E-1
1.333191667E2,1.146599604E-1,-2.379173312E-1
1.333233333E2,1.205915618E-1,-2.379765261E-1
1.333275000E2,1.277134996E-1,-2.377139386E-1
1.333316667E2,1.351480465E-1,-2.380529508E-1
1.333358333E2,1.416683846E-1,-2.381029724E-1
1.333400000E2,1.485511419E-1,-2.370860235E-1
1.333441667E2,1.540873855E-1,-2.372271874E-1
1.333483333E2,1.602927527E-1,-2.365240285E-1
